number_of_steps avg_p1 avg_p2
1000 -0.3333333333333333 -0.3333333333333333
2000 0.3333333333333333 0.0
3000 1.0 0.0
4000 1.0 -0.3333333333333333
5000 1.0 -1.0
6000 1.0 0.3333333333333333
7000 1.0 0.0
8000 0.3333333333333333 -0.3333333333333333
9000 1.0 0.3333333333333333
10000 -0.3333333333333333 0.0
11000 1.0 0.0
12000 -0.3333333333333333 0.0
13000 0.3333333333333333 0.0
14000 1.0 0.0
15000 1.0 1.0
16000 0.3333333333333333 0.6666666666666666
17000 1.0 0.0
18000 1.0 -0.6666666666666666
19000 1.0 0.3333333333333333
20000 1.0 0.0
21000 1.0 0.3333333333333333
22000 0.3333333333333333 0.6666666666666666
23000 1.0 0.0
24000 0.3333333333333333 -0.3333333333333333
25000 0.3333333333333333 -0.6666666666666666
26000 0.3333333333333333 -0.3333333333333333
27000 0.3333333333333333 0.0
28000 0.3333333333333333 0.3333333333333333
29000 0.3333333333333333 -0.3333333333333333
30000 1.0 -0.3333333333333333
31000 0.3333333333333333 0.0
32000 1.0 0.3333333333333333
33000 1.0 -0.3333333333333333
34000 1.0 0.0
35000 -0.3333333333333333 0.0
36000 1.0 0.3333333333333333
37000 0.3333333333333333 0.6666666666666666
38000 0.3333333333333333 0.0
39000 0.3333333333333333 -0.3333333333333333
40000 -0.3333333333333333 0.3333333333333333
41000 1.0 -0.3333333333333333
42000 0.3333333333333333 -0.3333333333333333
43000 -0.3333333333333333 0.0
44000 0.3333333333333333 -0.3333333333333333
45000 0.3333333333333333 0.3333333333333333
46000 0.3333333333333333 -0.3333333333333333
47000 -0.3333333333333333 0.3333333333333333
48000 0.3333333333333333 -0.3333333333333333
49000 1.0 0.0
50000 0.3333333333333333 -0.3333333333333333
51000 0.3333333333333333 0.0
52000 -0.3333333333333333 -0.3333333333333333
53000 0.3333333333333333 0.0
54000 0.3333333333333333 -0.3333333333333333
55000 1.0 0.0
56000 0.3333333333333333 0.6666666666666666
57000 0.3333333333333333 -0.3333333333333333
58000 1.0 -1.0
59000 1.0 0.0
60000 0.3333333333333333 0.6666666666666666
61000 0.3333333333333333 -0.6666666666666666
62000 0.3333333333333333 -0.3333333333333333
63000 1.0 0.6666666666666666
64000 -0.3333333333333333 0.0
65000 0.3333333333333333 0.3333333333333333
66000 1.0 -0.3333333333333333
67000 0.3333333333333333 0.6666666666666666
68000 1.0 0.0
69000 1.0 0.0
70000 1.0 -0.6666666666666666
71000 1.0 0.6666666666666666
72000 0.3333333333333333 0.0
73000 0.3333333333333333 0.3333333333333333
74000 1.0 0.3333333333333333
75000 1.0 0.3333333333333333
76000 1.0 -0.3333333333333333
77000 0.3333333333333333 0.3333333333333333
78000 1.0 -0.6666666666666666
79000 0.3333333333333333 0.3333333333333333
80000 1.0 0.6666666666666666
81000 0.3333333333333333 -0.3333333333333333
82000 0.3333333333333333 0.0
83000 0.3333333333333333 0.0
84000 0.3333333333333333 0.0
85000 0.3333333333333333 -0.3333333333333333
86000 0.3333333333333333 -0.3333333333333333
87000 1.0 -0.3333333333333333
88000 0.3333333333333333 0.6666666666666666
89000 1.0 0.6666666666666666
90000 1.0 -0.6666666666666666
91000 1.0 0.3333333333333333
92000 1.0 0.3333333333333333
93000 1.0 0.3333333333333333
94000 1.0 0.3333333333333333
95000 0.3333333333333333 -0.6666666666666666
96000 0.3333333333333333 0.0
97000 0.3333333333333333 0.0
98000 0.3333333333333333 0.0
99000 1.0 -0.3333333333333333
100000 0.3333333333333333 0.3333333333333333
101000 -0.3333333333333333 0.0
102000 1.0 -0.3333333333333333
103000 0.3333333333333333 -0.3333333333333333
104000 0.3333333333333333 0.6666666666666666
105000 0.3333333333333333 -0.3333333333333333
106000 1.0 -0.6666666666666666
107000 -0.3333333333333333 0.0
108000 -0.3333333333333333 0.0
109000 0.3333333333333333 0.3333333333333333
110000 0.3333333333333333 0.0
111000 0.3333333333333333 -0.3333333333333333
112000 0.3333333333333333 0.0
113000 0.3333333333333333 0.0
114000 1.0 -0.3333333333333333
115000 0.3333333333333333 0.0
116000 1.0 1.0
117000 0.3333333333333333 -0.3333333333333333
118000 0.3333333333333333 0.6666666666666666
119000 1.0 0.0
120000 -0.3333333333333333 -0.3333333333333333
121000 -0.3333333333333333 0.3333333333333333
122000 1.0 0.6666666666666666
123000 0.3333333333333333 -0.3333333333333333
124000 0.3333333333333333 0.0
125000 0.3333333333333333 0.0
126000 0.3333333333333333 0.6666666666666666
127000 0.3333333333333333 -0.3333333333333333
128000 0.3333333333333333 0.0
129000 1.0 0.3333333333333333
130000 -0.3333333333333333 -0.3333333333333333
131000 0.3333333333333333 0.0
132000 -0.3333333333333333 0.3333333333333333
133000 0.3333333333333333 0.0
134000 0.3333333333333333 0.0
135000 0.3333333333333333 -0.3333333333333333
136000 1.0 0.0
137000 0.3333333333333333 -0.3333333333333333
138000 1.0 0.3333333333333333
139000 0.3333333333333333 0.0
140000 0.3333333333333333 -0.6666666666666666
141000 0.3333333333333333 0.6666666666666666
142000 0.3333333333333333 0.0
143000 0.3333333333333333 -0.3333333333333333
144000 0.3333333333333333 0.0
145000 0.3333333333333333 0.0
146000 1.0 0.3333333333333333
147000 -0.3333333333333333 -0.3333333333333333
148000 0.3333333333333333 0.3333333333333333
149000 -0.3333333333333333 -0.3333333333333333
150000 1.0 -0.3333333333333333
151000 0.3333333333333333 0.3333333333333333
152000 1.0 0.3333333333333333
153000 -0.3333333333333333 0.0
154000 0.3333333333333333 0.0
155000 0.3333333333333333 0.6666666666666666
156000 1.0 1.0
157000 1.0 0.3333333333333333
158000 0.3333333333333333 0.0
159000 0.3333333333333333 0.0
160000 0.3333333333333333 0.3333333333333333
161000 0.3333333333333333 0.3333333333333333
162000 1.0 0.6666666666666666
163000 0.3333333333333333 0.3333333333333333
164000 0.3333333333333333 0.0
165000 0.3333333333333333 0.3333333333333333
166000 1.0 0.0
167000 1.0 0.0
168000 1.0 0.0
169000 -0.3333333333333333 0.0
170000 0.3333333333333333 -0.3333333333333333
171000 -0.3333333333333333 0.0
172000 -0.3333333333333333 0.0
173000 0.3333333333333333 0.0
174000 0.3333333333333333 -0.3333333333333333
175000 1.0 -0.3333333333333333
176000 1.0 0.3333333333333333
177000 -0.3333333333333333 -0.3333333333333333
178000 1.0 -0.3333333333333333
179000 0.3333333333333333 0.3333333333333333
180000 0.3333333333333333 0.3333333333333333
181000 -0.3333333333333333 0.0
182000 0.3333333333333333 0.3333333333333333
183000 0.3333333333333333 0.6666666666666666
184000 0.3333333333333333 0.6666666666666666
185000 -0.3333333333333333 0.0
186000 0.3333333333333333 0.3333333333333333
187000 1.0 0.0
188000 0.3333333333333333 0.0
189000 1.0 0.6666666666666666
190000 1.0 -0.3333333333333333
191000 0.3333333333333333 -0.3333333333333333
192000 1.0 0.0
193000 0.3333333333333333 0.0
194000 0.3333333333333333 0.6666666666666666
195000 0.3333333333333333 0.0
196000 1.0 0.0
197000 0.3333333333333333 0.6666666666666666
198000 -0.3333333333333333 0.3333333333333333
199000 0.3333333333333333 -0.6666666666666666
200000 0.3333333333333333 0.0
201000 0.3333333333333333 0.0
202000 0.3333333333333333 -0.3333333333333333
203000 0.3333333333333333 0.0
204000 0.3333333333333333 -0.6666666666666666
205000 -0.3333333333333333 0.0
206000 1.0 0.6666666666666666
207000 1.0 -1.0
208000 -0.3333333333333333 -0.3333333333333333
209000 1.0 -0.3333333333333333
210000 1.0 0.6666666666666666
211000 1.0 0.0
212000 0.3333333333333333 0.6666666666666666
213000 0.3333333333333333 -0.6666666666666666
214000 -0.3333333333333333 -0.3333333333333333
215000 1.0 -0.3333333333333333
216000 0.3333333333333333 0.0
217000 0.3333333333333333 -0.6666666666666666
218000 -0.3333333333333333 0.0
219000 -0.3333333333333333 -0.3333333333333333
220000 1.0 0.3333333333333333
221000 -0.3333333333333333 -0.3333333333333333
222000 1.0 -0.3333333333333333
223000 -0.3333333333333333 0.0
224000 0.3333333333333333 -0.3333333333333333
225000 0.3333333333333333 0.6666666666666666
226000 1.0 -0.6666666666666666
227000 1.0 0.0
228000 0.3333333333333333 0.3333333333333333
229000 0.3333333333333333 0.0
230000 0.3333333333333333 0.6666666666666666
231000 0.3333333333333333 -0.3333333333333333
232000 1.0 0.3333333333333333
233000 0.3333333333333333 0.3333333333333333
234000 -0.3333333333333333 0.0
235000 -0.3333333333333333 -0.3333333333333333
236000 1.0 -0.3333333333333333
237000 0.3333333333333333 0.3333333333333333
238000 -0.3333333333333333 0.3333333333333333
239000 0.3333333333333333 0.0
240000 0.3333333333333333 0.0
241000 0.3333333333333333 0.0
242000 1.0 0.6666666666666666
243000 1.0 0.0
244000 1.0 0.3333333333333333
245000 1.0 0.0
246000 0.3333333333333333 -0.6666666666666666
247000 0.3333333333333333 0.6666666666666666
248000 1.0 -1.0
249000 1.0 0.6666666666666666
250000 0.3333333333333333 -0.3333333333333333
251000 0.3333333333333333 0.3333333333333333
252000 0.3333333333333333 -0.3333333333333333
253000 -0.3333333333333333 0.0
254000 0.3333333333333333 -0.6666666666666666
255000 1.0 0.3333333333333333
256000 0.3333333333333333 -0.6666666666666666
257000 -0.3333333333333333 0.0
258000 0.3333333333333333 0.3333333333333333
259000 1.0 0.0
260000 0.3333333333333333 0.3333333333333333
261000 1.0 -0.6666666666666666
262000 1.0 0.3333333333333333
263000 0.3333333333333333 0.0
264000 -0.3333333333333333 0.3333333333333333
265000 0.3333333333333333 -0.3333333333333333
266000 0.3333333333333333 0.3333333333333333
267000 0.3333333333333333 -0.6666666666666666
268000 1.0 0.0
269000 0.3333333333333333 -0.3333333333333333
270000 0.3333333333333333 -0.3333333333333333
271000 -0.3333333333333333 -0.3333333333333333
272000 1.0 0.0
273000 0.3333333333333333 -0.3333333333333333
274000 0.3333333333333333 0.6666666666666666
275000 -0.3333333333333333 0.3333333333333333
276000 1.0 0.0
277000 0.3333333333333333 0.3333333333333333
278000 0.3333333333333333 0.3333333333333333
279000 0.3333333333333333 0.0
280000 1.0 0.0
281000 1.0 0.6666666666666666
282000 0.3333333333333333 0.3333333333333333
283000 1.0 0.3333333333333333
284000 -0.3333333333333333 -0.3333333333333333
285000 -0.3333333333333333 -0.3333333333333333
286000 0.3333333333333333 0.0
287000 -0.3333333333333333 0.0
288000 -0.3333333333333333 0.0
289000 1.0 0.3333333333333333
290000 0.3333333333333333 0.0
291000 0.3333333333333333 0.0
292000 1.0 0.0
293000 1.0 0.3333333333333333
294000 0.3333333333333333 -0.3333333333333333
295000 0.3333333333333333 -0.6666666666666666
296000 0.3333333333333333 0.0
297000 0.3333333333333333 -0.6666666666666666
298000 1.0 0.3333333333333333
299000 0.3333333333333333 0.0
300000 0.3333333333333333 0.3333333333333333
301000 1.0 -0.6666666666666666
302000 1.0 0.0
303000 0.3333333333333333 -0.3333333333333333
304000 0.3333333333333333 0.0
305000 1.0 -0.3333333333333333
306000 1.0 -0.3333333333333333
307000 0.3333333333333333 -0.3333333333333333
308000 1.0 0.3333333333333333
309000 0.3333333333333333 0.0
310000 1.0 0.3333333333333333
311000 0.3333333333333333 0.0
312000 0.3333333333333333 -0.6666666666666666
313000 1.0 0.0
314000 1.0 -0.6666666666666666
315000 -0.3333333333333333 0.0
316000 0.3333333333333333 -0.3333333333333333
317000 0.3333333333333333 0.3333333333333333
318000 1.0 0.0
319000 1.0 -0.3333333333333333
320000 0.3333333333333333 -0.3333333333333333
321000 0.3333333333333333 -0.6666666666666666
322000 1.0 0.3333333333333333
323000 0.3333333333333333 0.6666666666666666
324000 0.3333333333333333 0.0
325000 0.3333333333333333 0.6666666666666666
326000 1.0 -0.6666666666666666
327000 1.0 0.3333333333333333
328000 1.0 0.3333333333333333
329000 0.3333333333333333 -0.3333333333333333
330000 0.3333333333333333 0.3333333333333333
331000 0.3333333333333333 0.3333333333333333
332000 1.0 0.3333333333333333
333000 -0.3333333333333333 0.0
334000 -0.3333333333333333 -0.3333333333333333
335000 -0.3333333333333333 0.3333333333333333
336000 1.0 0.3333333333333333
337000 1.0 -0.3333333333333333
338000 0.3333333333333333 0.0
339000 1.0 -0.3333333333333333
340000 0.3333333333333333 0.0
341000 1.0 -0.6666666666666666
342000 0.3333333333333333 0.0
343000 1.0 0.0
344000 0.3333333333333333 -0.3333333333333333
345000 0.3333333333333333 0.3333333333333333
346000 0.3333333333333333 0.6666666666666666
347000 0.3333333333333333 0.0
348000 0.3333333333333333 0.3333333333333333
349000 -0.3333333333333333 0.3333333333333333
350000 0.3333333333333333 0.0
351000 -0.3333333333333333 -0.3333333333333333
352000 1.0 -0.3333333333333333
353000 0.3333333333333333 -0.3333333333333333
354000 -0.3333333333333333 0.0
355000 0.3333333333333333 -0.3333333333333333
356000 1.0 0.3333333333333333
357000 1.0 0.6666666666666666
358000 1.0 0.0
359000 1.0 0.3333333333333333
360000 -0.3333333333333333 -0.3333333333333333
361000 -0.3333333333333333 0.0
362000 0.3333333333333333 0.3333333333333333
363000 1.0 -0.3333333333333333
364000 0.3333333333333333 0.6666666666666666
365000 -0.3333333333333333 -0.3333333333333333
366000 0.3333333333333333 -0.6666666666666666
367000 0.3333333333333333 0.0
368000 0.3333333333333333 -0.3333333333333333
369000 -0.3333333333333333 0.0
370000 -1.0 0.0
371000 0.3333333333333333 0.3333333333333333
372000 0.3333333333333333 -0.6666666666666666
373000 0.3333333333333333 -0.3333333333333333
374000 0.3333333333333333 0.0
375000 0.3333333333333333 0.3333333333333333
376000 0.3333333333333333 0.0
377000 -0.3333333333333333 0.0
378000 0.3333333333333333 0.0
379000 1.0 0.0
380000 1.0 1.0
381000 1.0 0.3333333333333333
382000 1.0 0.6666666666666666
383000 1.0 0.0
384000 0.3333333333333333 0.0
385000 0.3333333333333333 0.0
386000 0.3333333333333333 0.0
387000 0.3333333333333333 0.0
388000 1.0 0.3333333333333333
389000 1.0 -0.3333333333333333
390000 0.3333333333333333 0.6666666666666666
391000 0.3333333333333333 -0.3333333333333333
392000 0.3333333333333333 0.0
393000 1.0 0.3333333333333333
394000 0.3333333333333333 0.0
395000 1.0 0.0
396000 0.3333333333333333 -0.3333333333333333
397000 0.3333333333333333 0.6666666666666666
398000 1.0 -0.3333333333333333
399000 1.0 0.0
400000 1.0 -1.0
401000 -0.3333333333333333 0.3333333333333333
402000 -0.3333333333333333 0.3333333333333333
403000 0.3333333333333333 -0.6666666666666666
404000 0.3333333333333333 0.0
405000 1.0 -0.6666666666666666
406000 0.3333333333333333 0.6666666666666666
407000 1.0 0.0
408000 0.3333333333333333 -0.3333333333333333
409000 -0.3333333333333333 0.0
410000 0.3333333333333333 -0.3333333333333333
411000 0.3333333333333333 0.3333333333333333
412000 1.0 0.0
413000 1.0 -0.3333333333333333
414000 0.3333333333333333 0.3333333333333333
415000 1.0 0.0
416000 1.0 0.0
417000 1.0 -1.0
418000 -0.3333333333333333 0.3333333333333333
419000 1.0 0.0
420000 1.0 0.3333333333333333
421000 0.3333333333333333 -0.3333333333333333
422000 -0.3333333333333333 0.0
423000 0.3333333333333333 0.0
424000 1.0 0.3333333333333333
425000 0.3333333333333333 0.0
426000 -0.3333333333333333 -0.3333333333333333
427000 1.0 -0.6666666666666666
428000 1.0 -0.3333333333333333
429000 1.0 0.3333333333333333
430000 1.0 0.3333333333333333
431000 0.3333333333333333 0.0
432000 0.3333333333333333 -0.3333333333333333
433000 -0.3333333333333333 0.3333333333333333
434000 -1.0 0.0
435000 1.0 0.6666666666666666
436000 1.0 0.0
437000 1.0 -0.3333333333333333
438000 1.0 -0.6666666666666666
439000 0.3333333333333333 -0.3333333333333333
440000 0.3333333333333333 0.0
441000 0.3333333333333333 -0.3333333333333333
442000 0.3333333333333333 0.0
443000 0.3333333333333333 -0.6666666666666666
444000 1.0 -0.3333333333333333
445000 0.3333333333333333 0.0
446000 0.3333333333333333 -0.6666666666666666
447000 0.3333333333333333 -0.6666666666666666
448000 0.3333333333333333 0.3333333333333333
449000 -0.3333333333333333 -0.3333333333333333
450000 0.3333333333333333 -0.3333333333333333
451000 1.0 0.3333333333333333
452000 0.3333333333333333 0.6666666666666666
453000 1.0 -0.3333333333333333
454000 -0.3333333333333333 -0.3333333333333333
455000 0.3333333333333333 -0.3333333333333333
456000 -1.0 0.0
457000 -0.3333333333333333 -0.3333333333333333
458000 1.0 0.0
459000 0.3333333333333333 0.3333333333333333
460000 1.0 0.0
461000 0.3333333333333333 -0.6666666666666666
462000 0.3333333333333333 0.0
463000 0.3333333333333333 0.0
464000 1.0 -1.0
465000 0.3333333333333333 0.0
466000 0.3333333333333333 -0.3333333333333333
467000 0.3333333333333333 -0.6666666666666666
468000 0.3333333333333333 0.3333333333333333
469000 0.3333333333333333 0.0
470000 1.0 0.0
471000 -0.3333333333333333 -0.3333333333333333
472000 1.0 -0.3333333333333333
473000 1.0 0.0
474000 0.3333333333333333 -0.6666666666666666
475000 -0.3333333333333333 0.3333333333333333
476000 1.0 -1.0
477000 0.3333333333333333 -0.6666666666666666
478000 0.3333333333333333 0.0
479000 1.0 0.0
480000 -0.3333333333333333 0.3333333333333333
481000 0.3333333333333333 -0.3333333333333333
482000 -0.3333333333333333 0.3333333333333333
483000 0.3333333333333333 -0.3333333333333333
484000 0.3333333333333333 0.0
485000 1.0 0.0
486000 -0.3333333333333333 -0.3333333333333333
487000 1.0 0.0
488000 1.0 0.0
489000 1.0 -0.3333333333333333
490000 1.0 0.0
491000 0.3333333333333333 -0.6666666666666666
492000 1.0 0.6666666666666666
493000 0.3333333333333333 -0.3333333333333333
494000 -0.3333333333333333 0.0
495000 0.3333333333333333 -0.3333333333333333
496000 1.0 0.6666666666666666
497000 0.3333333333333333 0.3333333333333333
498000 1.0 -0.3333333333333333
499000 1.0 -0.3333333333333333
500000 1.0 -0.6666666666666666
501000 -0.3333333333333333 0.3333333333333333
502000 -0.3333333333333333 0.3333333333333333
503000 0.3333333333333333 0.0
504000 -1.0 0.0
505000 1.0 -0.3333333333333333
506000 1.0 -1.0
507000 1.0 0.6666666666666666
508000 1.0 -0.3333333333333333
509000 0.3333333333333333 -0.6666666666666666
510000 1.0 0.3333333333333333
511000 1.0 0.0
512000 0.3333333333333333 -0.6666666666666666
513000 0.3333333333333333 0.0
514000 0.3333333333333333 0.0
515000 1.0 -0.3333333333333333
516000 1.0 0.3333333333333333
517000 0.3333333333333333 0.0
518000 1.0 -0.3333333333333333
519000 -0.3333333333333333 0.0
520000 1.0 -0.6666666666666666
521000 0.3333333333333333 0.3333333333333333
522000 1.0 -1.0
523000 0.3333333333333333 0.0
524000 1.0 0.3333333333333333
525000 0.3333333333333333 0.3333333333333333
526000 0.3333333333333333 0.0
527000 1.0 -0.3333333333333333
528000 1.0 -0.6666666666666666
529000 1.0 0.3333333333333333
530000 1.0 -0.3333333333333333
531000 -0.3333333333333333 0.3333333333333333
532000 0.3333333333333333 0.0
533000 0.3333333333333333 0.0
534000 0.3333333333333333 -0.6666666666666666
535000 -0.3333333333333333 0.3333333333333333
536000 0.3333333333333333 -0.3333333333333333
537000 1.0 -0.3333333333333333
538000 0.3333333333333333 0.0
539000 -1.0 0.0
540000 1.0 -1.0
541000 1.0 -0.3333333333333333
542000 0.3333333333333333 -0.6666666666666666
543000 1.0 -0.3333333333333333
544000 1.0 -0.3333333333333333
545000 1.0 0.3333333333333333
546000 -0.3333333333333333 0.0
547000 1.0 0.0
548000 -0.3333333333333333 -0.3333333333333333
549000 -0.3333333333333333 0.3333333333333333
550000 1.0 -0.6666666666666666
551000 1.0 -0.3333333333333333
552000 -0.3333333333333333 0.0
553000 1.0 0.6666666666666666
554000 1.0 0.3333333333333333
555000 0.3333333333333333 0.6666666666666666
556000 -0.3333333333333333 0.3333333333333333
557000 1.0 1.0
558000 0.3333333333333333 0.6666666666666666
559000 1.0 0.3333333333333333
560000 0.3333333333333333 -0.3333333333333333
561000 1.0 0.0
562000 1.0 0.3333333333333333
563000 -1.0 0.0
564000 -0.3333333333333333 0.0
565000 1.0 0.0
566000 0.3333333333333333 0.3333333333333333
567000 0.3333333333333333 -0.3333333333333333
568000 -0.3333333333333333 0.3333333333333333
569000 1.0 0.6666666666666666
570000 -0.3333333333333333 0.3333333333333333
571000 0.3333333333333333 0.0
572000 1.0 0.0
573000 0.3333333333333333 -0.6666666666666666
574000 -0.3333333333333333 -0.3333333333333333
575000 1.0 0.0
576000 0.3333333333333333 0.0
577000 0.3333333333333333 0.6666666666666666
578000 1.0 0.0
579000 1.0 0.0
580000 0.3333333333333333 0.0
581000 1.0 0.0
582000 1.0 0.3333333333333333
583000 0.3333333333333333 -0.6666666666666666
584000 1.0 0.6666666666666666
585000 0.3333333333333333 -0.6666666666666666
586000 0.3333333333333333 0.0
587000 -0.3333333333333333 -0.3333333333333333
588000 1.0 0.3333333333333333
589000 0.3333333333333333 0.3333333333333333
590000 1.0 1.0
591000 0.3333333333333333 0.0
592000 -0.3333333333333333 -0.3333333333333333
593000 0.3333333333333333 0.3333333333333333
594000 1.0 -1.0
595000 1.0 0.3333333333333333
596000 1.0 0.0
597000 1.0 0.0
598000 0.3333333333333333 -0.3333333333333333
599000 0.3333333333333333 0.0
600000 -0.3333333333333333 -0.3333333333333333
601000 0.3333333333333333 -0.3333333333333333
602000 0.3333333333333333 0.0
603000 0.3333333333333333 0.0
604000 -0.3333333333333333 0.0
605000 -0.3333333333333333 0.0
606000 -1.0 0.0
607000 -0.3333333333333333 0.3333333333333333
608000 0.3333333333333333 0.0
609000 0.3333333333333333 -0.3333333333333333
610000 -0.3333333333333333 0.3333333333333333
611000 0.3333333333333333 0.6666666666666666
612000 0.3333333333333333 0.0
613000 1.0 0.0
614000 1.0 0.0
615000 0.3333333333333333 -0.3333333333333333
616000 1.0 0.0
617000 0.3333333333333333 0.0
618000 -0.3333333333333333 -0.3333333333333333
619000 1.0 0.0
620000 0.3333333333333333 0.0
621000 0.3333333333333333 -0.3333333333333333
622000 0.3333333333333333 0.3333333333333333
623000 1.0 0.3333333333333333
624000 0.3333333333333333 0.3333333333333333
625000 0.3333333333333333 0.0
626000 0.3333333333333333 0.0
627000 -0.3333333333333333 0.3333333333333333
628000 -0.3333333333333333 -0.3333333333333333
629000 1.0 0.3333333333333333
630000 1.0 0.0
631000 1.0 -0.3333333333333333
632000 0.3333333333333333 -0.6666666666666666
633000 -0.3333333333333333 0.0
634000 0.3333333333333333 -0.6666666666666666
635000 0.3333333333333333 0.6666666666666666
636000 -0.3333333333333333 0.3333333333333333
637000 0.3333333333333333 0.3333333333333333
638000 -0.3333333333333333 0.0
639000 0.3333333333333333 0.3333333333333333
640000 1.0 0.3333333333333333
641000 -0.3333333333333333 0.0
642000 -0.3333333333333333 -0.3333333333333333
643000 0.3333333333333333 -0.3333333333333333
644000 -0.3333333333333333 -0.3333333333333333
645000 1.0 -0.3333333333333333
646000 0.3333333333333333 0.0
647000 0.3333333333333333 0.3333333333333333
648000 1.0 -0.6666666666666666
649000 -1.0 0.0
650000 0.3333333333333333 -0.3333333333333333
651000 1.0 0.0
652000 0.3333333333333333 -0.3333333333333333
653000 1.0 -0.6666666666666666
654000 1.0 0.0
655000 1.0 -0.3333333333333333
656000 1.0 0.3333333333333333
657000 0.3333333333333333 0.3333333333333333
658000 1.0 0.3333333333333333
659000 1.0 0.0
660000 1.0 -0.3333333333333333
661000 0.3333333333333333 -0.6666666666666666
662000 -0.3333333333333333 0.3333333333333333
663000 0.3333333333333333 0.6666666666666666
664000 -0.3333333333333333 -0.3333333333333333
665000 -0.3333333333333333 0.3333333333333333
666000 1.0 -0.3333333333333333
667000 1.0 -0.3333333333333333
668000 -0.3333333333333333 0.0
669000 1.0 0.0
670000 0.3333333333333333 -0.3333333333333333
671000 1.0 -0.3333333333333333
672000 0.3333333333333333 0.0
673000 -1.0 0.0
674000 1.0 -0.6666666666666666
675000 0.3333333333333333 0.3333333333333333
676000 0.3333333333333333 0.0
677000 1.0 -0.3333333333333333
678000 1.0 -0.3333333333333333
679000 1.0 0.3333333333333333
680000 0.3333333333333333 0.3333333333333333
681000 1.0 0.0
682000 1.0 0.0
683000 1.0 -0.3333333333333333
684000 0.3333333333333333 0.0
685000 1.0 0.3333333333333333
686000 1.0 -1.0
687000 1.0 0.3333333333333333
688000 -0.3333333333333333 0.3333333333333333
689000 -0.3333333333333333 -0.3333333333333333
690000 1.0 0.3333333333333333
691000 0.3333333333333333 -0.3333333333333333
692000 -0.3333333333333333 0.0
693000 1.0 0.6666666666666666
694000 1.0 0.3333333333333333
695000 1.0 0.3333333333333333
696000 1.0 0.0
697000 0.3333333333333333 -0.6666666666666666
698000 -0.3333333333333333 0.3333333333333333
699000 0.3333333333333333 -0.3333333333333333
700000 0.3333333333333333 -0.6666666666666666
701000 0.3333333333333333 -0.6666666666666666
702000 1.0 0.6666666666666666
703000 0.3333333333333333 0.6666666666666666
704000 0.3333333333333333 0.0
705000 1.0 0.6666666666666666
706000 1.0 -0.3333333333333333
707000 0.3333333333333333 0.0
708000 0.3333333333333333 0.0
709000 1.0 -0.3333333333333333
710000 0.3333333333333333 0.0
711000 0.3333333333333333 0.0
712000 1.0 -0.6666666666666666
713000 1.0 0.0
714000 1.0 0.0
715000 0.3333333333333333 0.0
716000 1.0 0.0
717000 0.3333333333333333 0.6666666666666666
718000 0.3333333333333333 0.3333333333333333
719000 0.3333333333333333 -0.3333333333333333
720000 1.0 0.3333333333333333
721000 -1.0 0.0
722000 -0.3333333333333333 0.0
723000 1.0 0.0
724000 0.3333333333333333 -0.6666666666666666
725000 0.3333333333333333 -0.6666666666666666
726000 1.0 -1.0
727000 0.3333333333333333 -0.3333333333333333
728000 -0.3333333333333333 -0.3333333333333333
729000 0.3333333333333333 -0.6666666666666666
730000 1.0 -0.3333333333333333
731000 0.3333333333333333 0.0
732000 1.0 0.3333333333333333
733000 0.3333333333333333 0.3333333333333333
734000 -1.0 0.0
735000 0.3333333333333333 0.3333333333333333
736000 1.0 0.3333333333333333
737000 1.0 -0.6666666666666666
738000 0.3333333333333333 0.0
739000 1.0 0.3333333333333333
740000 -1.0 0.0
741000 1.0 -0.3333333333333333
742000 1.0 -0.3333333333333333
743000 1.0 0.3333333333333333
744000 0.3333333333333333 0.0
745000 0.3333333333333333 0.0
746000 1.0 -0.3333333333333333
747000 1.0 0.3333333333333333
748000 -1.0 0.0
749000 1.0 0.6666666666666666
750000 -0.3333333333333333 -0.3333333333333333
751000 0.3333333333333333 0.0
752000 0.3333333333333333 0.3333333333333333
753000 0.3333333333333333 -0.6666666666666666
754000 -0.3333333333333333 0.0
755000 0.3333333333333333 0.0
756000 1.0 0.3333333333333333
757000 -0.3333333333333333 0.3333333333333333
758000 1.0 0.3333333333333333
759000 1.0 0.6666666666666666
760000 0.3333333333333333 0.3333333333333333
761000 1.0 0.3333333333333333
762000 0.3333333333333333 -0.6666666666666666
763000 0.3333333333333333 0.0
764000 -0.3333333333333333 0.3333333333333333
765000 0.3333333333333333 0.0
766000 0.3333333333333333 -0.3333333333333333
767000 1.0 0.6666666666666666
768000 1.0 -0.3333333333333333
769000 1.0 0.0
770000 0.3333333333333333 0.3333333333333333
771000 0.3333333333333333 -0.3333333333333333
772000 1.0 0.3333333333333333
773000 1.0 -0.6666666666666666
774000 0.3333333333333333 0.3333333333333333
775000 1.0 -0.3333333333333333
776000 0.3333333333333333 0.6666666666666666
777000 1.0 0.0
778000 -0.3333333333333333 0.3333333333333333
779000 1.0 1.0
780000 0.3333333333333333 0.0
781000 0.3333333333333333 0.6666666666666666
782000 1.0 -0.3333333333333333
783000 1.0 -1.0
784000 0.3333333333333333 0.6666666666666666
785000 0.3333333333333333 -0.6666666666666666
786000 1.0 0.3333333333333333
787000 1.0 0.3333333333333333
788000 0.3333333333333333 0.3333333333333333
789000 1.0 -0.6666666666666666
790000 0.3333333333333333 0.6666666666666666
791000 0.3333333333333333 -0.6666666666666666
792000 1.0 -0.3333333333333333
793000 0.3333333333333333 -0.6666666666666666
794000 1.0 0.3333333333333333
795000 1.0 0.0
796000 1.0 0.0
797000 0.3333333333333333 0.6666666666666666
798000 1.0 0.6666666666666666
799000 0.3333333333333333 0.3333333333333333
800000 1.0 1.0
801000 0.3333333333333333 0.0
802000 0.3333333333333333 0.0
803000 1.0 -0.3333333333333333
804000 0.3333333333333333 0.0
805000 0.3333333333333333 0.3333333333333333
806000 1.0 0.0
807000 -0.3333333333333333 -0.3333333333333333
808000 -0.3333333333333333 -0.3333333333333333
809000 0.3333333333333333 0.3333333333333333
810000 0.3333333333333333 0.0
811000 0.3333333333333333 0.0
812000 0.3333333333333333 -0.6666666666666666
813000 1.0 0.0
814000 1.0 0.0
815000 1.0 -0.3333333333333333
816000 0.3333333333333333 -0.6666666666666666
817000 1.0 -1.0
818000 1.0 0.0
819000 -0.3333333333333333 0.0
820000 0.3333333333333333 0.0
821000 1.0 0.0
822000 1.0 0.0
823000 1.0 0.6666666666666666
824000 0.3333333333333333 -0.6666666666666666
825000 0.3333333333333333 0.6666666666666666
826000 1.0 -0.6666666666666666
827000 -0.3333333333333333 -0.3333333333333333
828000 0.3333333333333333 0.0
829000 0.3333333333333333 0.0
830000 0.3333333333333333 0.0
831000 1.0 0.0
832000 1.0 -0.3333333333333333
833000 0.3333333333333333 -0.3333333333333333
834000 0.3333333333333333 0.3333333333333333
835000 0.3333333333333333 0.0
836000 1.0 0.0
837000 0.3333333333333333 0.0
838000 0.3333333333333333 -0.3333333333333333
839000 1.0 1.0
840000 0.3333333333333333 0.3333333333333333
841000 -0.3333333333333333 -0.3333333333333333
842000 1.0 0.6666666666666666
843000 -0.3333333333333333 -0.3333333333333333
844000 1.0 0.3333333333333333
845000 0.3333333333333333 -0.3333333333333333
846000 1.0 1.0
847000 1.0 -0.3333333333333333
848000 -0.3333333333333333 0.3333333333333333
849000 0.3333333333333333 -0.3333333333333333
850000 0.3333333333333333 0.0
851000 -0.3333333333333333 0.3333333333333333
852000 1.0 0.0
853000 1.0 0.0
854000 0.3333333333333333 0.3333333333333333
855000 -0.3333333333333333 -0.3333333333333333
856000 1.0 0.0
857000 0.3333333333333333 0.6666666666666666
858000 0.3333333333333333 -0.6666666666666666
859000 0.3333333333333333 0.0
860000 -0.3333333333333333 -0.3333333333333333
861000 0.3333333333333333 -0.3333333333333333
862000 -0.3333333333333333 0.3333333333333333
863000 1.0 0.3333333333333333
864000 -0.3333333333333333 0.3333333333333333
865000 1.0 0.3333333333333333
866000 0.3333333333333333 -0.3333333333333333
867000 -0.3333333333333333 0.3333333333333333
868000 -1.0 0.0
869000 0.3333333333333333 0.0
870000 0.3333333333333333 0.0
871000 0.3333333333333333 -0.3333333333333333
872000 1.0 0.0
873000 -0.3333333333333333 0.0
874000 0.3333333333333333 0.3333333333333333
875000 1.0 0.6666666666666666
876000 1.0 0.0
877000 0.3333333333333333 0.3333333333333333
878000 1.0 0.0
879000 0.3333333333333333 0.0
880000 0.3333333333333333 0.6666666666666666
881000 0.3333333333333333 0.0
882000 0.3333333333333333 0.0
883000 0.3333333333333333 0.0
884000 0.3333333333333333 0.3333333333333333
885000 1.0 0.0
886000 0.3333333333333333 0.0
887000 0.3333333333333333 -0.3333333333333333
888000 1.0 -0.6666666666666666
889000 1.0 -1.0
890000 -0.3333333333333333 0.0
891000 0.3333333333333333 0.6666666666666666
892000 1.0 0.3333333333333333
893000 0.3333333333333333 -0.3333333333333333
894000 1.0 0.0
895000 1.0 -0.3333333333333333
896000 0.3333333333333333 0.3333333333333333
897000 0.3333333333333333 -0.3333333333333333
898000 1.0 -1.0
899000 1.0 -0.6666666666666666
900000 0.3333333333333333 -0.3333333333333333
901000 0.3333333333333333 -0.3333333333333333
902000 1.0 0.6666666666666666
903000 0.3333333333333333 -0.6666666666666666
904000 1.0 0.3333333333333333
905000 1.0 0.3333333333333333
906000 0.3333333333333333 0.6666666666666666
907000 1.0 -0.3333333333333333
908000 1.0 1.0
909000 -0.3333333333333333 0.3333333333333333
910000 0.3333333333333333 -0.6666666666666666
911000 1.0 -0.3333333333333333
912000 0.3333333333333333 0.0
913000 0.3333333333333333 0.0
914000 0.3333333333333333 0.0
915000 -0.3333333333333333 0.0
916000 1.0 -1.0
917000 0.3333333333333333 0.0
918000 0.3333333333333333 0.0
919000 1.0 0.3333333333333333
920000 1.0 -0.3333333333333333
921000 1.0 0.3333333333333333
922000 0.3333333333333333 -0.6666666666666666
923000 0.3333333333333333 -0.3333333333333333
924000 0.3333333333333333 -0.6666666666666666
925000 -0.3333333333333333 0.3333333333333333
926000 1.0 -0.3333333333333333
927000 0.3333333333333333 0.0
928000 -0.3333333333333333 -0.3333333333333333
929000 0.3333333333333333 0.3333333333333333
930000 0.3333333333333333 0.3333333333333333
931000 1.0 0.0
932000 1.0 0.3333333333333333
933000 0.3333333333333333 0.0
934000 0.3333333333333333 0.0
935000 0.3333333333333333 -0.3333333333333333
936000 -0.3333333333333333 -0.3333333333333333
937000 0.3333333333333333 -0.6666666666666666
938000 1.0 1.0
939000 1.0 0.0
940000 1.0 -0.3333333333333333
941000 -0.3333333333333333 0.0
942000 1.0 0.3333333333333333
943000 0.3333333333333333 0.0
944000 0.3333333333333333 -0.6666666666666666
945000 1.0 0.6666666666666666
946000 1.0 0.0
947000 1.0 0.3333333333333333
948000 1.0 -0.6666666666666666
949000 0.3333333333333333 0.0
950000 0.3333333333333333 0.0
951000 0.3333333333333333 -0.3333333333333333
952000 -0.3333333333333333 0.3333333333333333
953000 1.0 -0.3333333333333333
954000 0.3333333333333333 0.3333333333333333
955000 1.0 -0.3333333333333333
956000 -0.3333333333333333 -0.3333333333333333
957000 0.3333333333333333 0.3333333333333333
958000 1.0 0.3333333333333333
959000 1.0 -0.3333333333333333
960000 1.0 -0.3333333333333333
961000 -0.3333333333333333 0.0
962000 0.3333333333333333 0.6666666666666666
963000 0.3333333333333333 0.0
964000 -0.3333333333333333 0.0
965000 1.0 0.3333333333333333
966000 0.3333333333333333 -0.6666666666666666
967000 1.0 -1.0
968000 1.0 0.0
969000 0.3333333333333333 0.0
970000 0.3333333333333333 0.0
971000 -0.3333333333333333 0.3333333333333333
972000 1.0 0.0
973000 0.3333333333333333 0.0
974000 -0.3333333333333333 0.3333333333333333
975000 -0.3333333333333333 -0.3333333333333333
976000 0.3333333333333333 -0.3333333333333333
977000 0.3333333333333333 0.3333333333333333
978000 0.3333333333333333 -0.3333333333333333
979000 1.0 -0.3333333333333333
980000 -0.3333333333333333 -0.3333333333333333
981000 0.3333333333333333 0.6666666666666666
982000 -0.3333333333333333 -0.3333333333333333
983000 1.0 0.3333333333333333
984000 1.0 0.0
985000 1.0 0.0
986000 1.0 -0.3333333333333333
987000 0.3333333333333333 0.3333333333333333
988000 1.0 0.3333333333333333
989000 1.0 -0.6666666666666666
990000 -0.3333333333333333 0.3333333333333333
991000 1.0 0.6666666666666666
992000 -0.3333333333333333 0.3333333333333333
993000 -0.3333333333333333 0.0
994000 0.3333333333333333 0.0
995000 0.3333333333333333 -0.3333333333333333
996000 -0.3333333333333333 -0.3333333333333333
997000 -0.3333333333333333 -0.3333333333333333
998000 1.0 -0.6666666666666666
999000 -0.3333333333333333 -0.3333333333333333
1000000 0.3333333333333333 0.3333333333333333
