number_of_steps avg_p1 avg_p2
1000 0.0 -0.5
2000 0.0 -0.5
3000 0.0 -0.5
4000 0.0 -0.5
5000 0.0 -0.5
6000 0.0 -0.5
7000 0.0 -0.5
8000 0.0 -0.5
9000 0.0 -0.5
10000 0.0 -0.5
11000 0.0 -0.5
12000 0.0 -0.5
13000 0.0 -0.5
14000 0.0 -0.5
15000 0.0 -0.5
16000 0.0 -0.5
17000 0.0 -0.5
18000 0.0 -0.5
19000 0.0 -0.5
20000 0.0 -0.5
21000 0.0 -0.5
22000 0.0 -0.5
23000 0.0 -0.5
24000 0.0 -0.5
25000 0.0 -0.5
26000 0.0 -0.5
27000 0.0 -0.5
28000 0.0 -0.5
29000 0.0 -0.5
30000 0.0 -0.5
31000 0.0 -0.5
32000 0.0 -0.5
33000 0.0 -0.5
34000 0.0 -0.5
35000 0.0 -0.5
36000 0.0 -0.5
37000 0.0 -0.5
38000 0.0 -0.5
39000 0.0 -0.5
40000 0.0 -0.5
41000 0.0 -0.5
42000 0.0 -0.5
43000 0.0 -0.5
44000 0.0 -0.5
45000 0.0 -0.5
46000 0.0 -0.5
47000 0.0 -0.5
48000 0.0 -0.5
49000 0.0 -0.5
50000 0.0 -0.5
51000 0.0 -0.5
52000 0.0 -0.5
53000 0.0 -0.5
54000 0.0 -0.5
55000 0.0 -0.5
56000 0.0 -0.5
57000 0.0 -0.5
58000 0.0 -0.5
59000 0.0 -0.5
60000 0.0 -0.5
61000 0.0 -0.5
62000 0.0 -0.5
63000 0.0 -0.5
64000 0.0 -0.5
65000 0.0 -0.5
66000 0.0 -0.5
67000 0.0 -0.5
68000 0.0 -0.5
69000 0.0 -0.5
70000 0.0 -0.5
71000 0.0 -0.5
72000 0.0 -0.5
73000 0.0 -0.5
74000 0.0 -0.5
75000 0.0 -0.5
76000 0.0 -0.5
77000 0.0 -0.5
78000 0.0 -0.5
79000 0.0 -0.5
80000 0.0 -0.5
81000 0.0 -0.5
82000 0.0 -0.5
83000 0.0 -0.5
84000 0.0 -0.5
85000 0.0 -0.5
86000 0.0 -0.5
87000 0.0 -0.5
88000 0.0 -0.5
89000 0.0 -0.5
90000 0.0 -0.5
91000 0.0 -0.5
92000 0.0 -0.5
93000 0.0 -0.5
94000 0.0 -0.5
95000 0.0 -0.5
96000 0.0 -0.5
97000 0.0 -0.5
98000 0.0 -0.5
99000 0.0 -0.5
100000 0.0 -0.5
101000 0.0 -0.5
102000 0.0 -0.5
103000 0.0 -0.5
104000 0.0 -0.5
105000 0.0 -0.5
106000 0.0 -0.5
107000 0.0 -0.5
108000 0.0 -0.5
109000 0.0 -0.5
110000 0.0 -0.5
111000 0.0 -0.5
112000 0.0 -0.5
113000 0.0 -0.5
114000 0.0 -0.5
115000 0.0 -0.5
116000 0.0 -0.5
117000 0.0 -0.5
118000 0.0 -0.5
119000 0.0 -0.5
120000 0.0 -0.5
121000 0.0 -0.5
122000 0.0 -0.5
123000 0.0 -0.5
124000 0.0 -0.5
125000 0.0 -0.5
126000 0.0 -0.5
127000 0.0 -0.5
128000 0.0 -0.5
129000 0.0 -0.5
130000 0.0 -0.5
131000 0.0 -0.5
132000 0.0 -0.5
133000 0.0 -0.5
134000 0.0 -0.5
135000 0.0 -0.5
136000 0.0 -0.5
137000 0.0 -0.5
138000 0.0 -0.5
139000 0.0 -0.5
140000 0.0 -0.5
141000 0.0 -0.5
142000 0.0 -0.5
143000 0.0 -0.5
144000 0.0 -0.5
145000 0.0 -0.5
146000 0.0 -0.5
147000 0.0 -0.5
148000 0.0 -0.5
149000 0.0 -0.5
150000 0.0 -0.5
151000 0.0 -0.5
152000 0.0 -0.5
153000 0.0 -0.5
154000 0.0 -0.5
155000 0.0 -0.5
156000 0.0 -0.5
157000 0.0 -0.5
158000 0.0 -0.5
159000 0.0 -0.5
160000 0.0 -0.5
161000 0.0 -0.5
162000 0.0 -0.5
163000 0.0 -0.5
164000 0.0 -0.5
165000 0.0 -0.5
166000 0.0 -0.5
167000 0.0 -0.5
168000 0.0 -0.5
169000 0.0 -0.5
170000 0.0 -0.5
171000 0.0 -0.5
172000 0.0 -0.5
173000 0.0 -0.5
174000 0.0 -0.5
175000 0.0 -0.5
176000 0.0 -0.5
177000 0.0 -0.5
178000 0.0 -0.5
179000 0.0 -0.5
180000 0.0 -0.5
181000 0.0 -0.5
182000 0.0 -0.5
183000 0.0 -0.5
184000 0.0 -0.5
185000 0.0 -0.5
186000 0.0 -0.5
187000 0.0 -0.5
188000 0.0 -0.5
189000 0.0 -0.5
190000 0.0 -0.5
191000 0.0 -0.5
192000 0.0 -0.5
193000 0.0 -0.5
194000 0.0 -0.5
195000 0.0 -0.5
196000 0.0 -0.5
197000 0.0 -0.5
198000 0.0 -0.5
199000 0.0 -0.5
200000 0.0 -0.5
201000 0.0 -0.5
202000 0.0 -0.5
203000 0.0 -0.5
204000 0.0 -0.5
205000 0.0 -0.5
206000 0.0 -0.5
207000 0.0 -0.5
208000 0.0 -0.5
209000 0.0 -0.5
210000 0.0 -0.5
211000 0.0 -0.5
212000 0.0 -0.5
213000 0.0 -0.5
214000 0.0 -0.5
215000 0.0 -0.5
216000 0.0 -0.5
217000 0.0 -0.5
218000 0.0 -0.5
219000 0.0 -0.5
220000 0.0 -0.5
221000 0.0 -0.5
222000 0.0 -0.5
223000 0.0 -0.5
224000 0.0 -0.5
225000 0.0 -0.5
226000 0.0 -0.5
227000 0.0 -0.5
228000 0.0 -0.5
229000 0.0 -0.5
230000 0.0 -0.5
231000 0.0 -0.5
232000 0.0 -0.5
233000 0.0 -0.5
234000 0.0 -0.5
235000 0.0 -0.5
236000 0.0 -0.5
237000 0.0 -0.5
238000 0.0 -0.5
239000 0.0 -0.5
240000 0.0 -0.5
241000 0.0 -0.5
242000 0.0 -0.5
243000 0.0 -0.5
244000 0.0 -0.5
245000 0.0 -0.5
246000 0.0 -0.5
247000 0.0 -0.5
248000 0.0 -0.5
249000 0.0 -0.5
250000 0.0 -0.5
251000 0.0 -0.5
252000 0.0 -0.5
253000 0.0 -0.5
254000 0.0 -0.5
255000 0.0 -0.5
256000 0.0 -0.5
257000 0.0 -0.5
258000 0.0 -0.5
259000 0.0 -0.5
260000 0.0 -0.5
261000 0.0 -0.5
262000 0.0 -0.5
263000 0.0 -0.5
264000 0.0 -0.5
265000 0.0 -0.5
266000 0.0 -0.5
267000 0.0 -0.5
268000 0.0 -0.5
269000 0.0 -0.5
270000 0.0 -0.5
271000 0.0 -0.5
272000 0.0 -0.5
273000 0.0 -0.5
274000 0.0 -0.5
275000 0.0 -0.5
276000 0.0 -0.5
277000 0.0 -0.5
278000 0.0 -0.5
279000 0.0 -0.5
280000 0.0 -0.5
281000 0.0 -0.5
282000 0.0 -0.5
283000 0.0 -0.5
284000 0.0 -0.5
285000 0.0 -0.5
286000 0.0 -0.5
287000 0.0 -0.5
288000 0.0 -0.5
289000 0.0 -0.5
290000 0.0 -0.5
291000 0.0 -0.5
292000 0.0 -0.5
293000 0.0 -0.5
294000 0.0 -0.5
295000 0.0 -0.5
296000 0.0 -0.5
297000 0.0 -0.5
298000 0.0 -0.5
299000 0.0 -0.5
300000 0.0 -0.5
301000 0.0 -0.5
302000 0.0 -0.5
303000 0.0 -0.5
304000 0.0 -0.5
305000 0.0 -0.5
306000 0.0 -0.5
307000 0.0 -0.5
308000 0.0 -0.5
309000 0.0 -0.5
310000 0.0 -0.5
311000 0.0 -0.5
312000 0.0 -0.5
313000 0.0 -0.5
314000 0.0 -0.5
315000 0.0 -0.5
316000 0.0 -0.5
317000 0.0 -0.5
318000 0.0 -0.5
319000 0.0 -0.5
320000 0.0 -0.5
321000 0.0 -0.5
322000 0.0 -0.5
323000 0.0 -0.5
324000 0.0 -0.5
325000 0.0 -0.5
326000 0.0 -0.5
327000 0.0 -0.5
328000 0.0 -0.5
329000 0.0 -0.5
330000 0.0 -0.5
331000 0.0 -0.5
332000 0.0 -0.5
333000 0.0 -0.5
334000 0.0 -0.5
335000 0.0 -0.5
336000 0.0 -0.5
337000 0.0 -0.5
338000 0.0 -0.5
339000 0.0 -0.5
340000 0.0 -0.5
341000 0.0 -0.5
342000 0.0 -0.5
343000 0.0 -0.5
344000 0.0 -0.5
345000 0.0 -0.5
346000 0.0 -0.5
347000 0.0 -0.5
348000 0.0 -0.5
349000 0.0 -0.5
350000 0.0 -0.5
351000 0.0 -0.5
352000 0.0 -0.5
353000 0.0 -0.5
354000 0.0 -0.5
355000 0.0 -0.5
356000 0.0 -0.5
357000 0.0 -0.5
358000 0.0 -0.5
359000 0.0 -0.5
360000 0.0 -0.5
361000 0.0 -0.5
362000 0.0 -0.5
363000 0.0 -0.5
364000 0.0 -0.5
365000 0.0 -0.5
366000 0.0 -0.5
367000 0.0 -0.5
368000 0.0 -0.5
369000 0.0 -0.5
370000 0.0 -0.5
371000 0.0 -0.5
372000 0.0 -0.5
373000 0.0 -0.5
374000 0.0 -0.5
375000 0.0 -0.5
376000 0.0 -0.5
377000 0.0 -0.5
378000 0.0 -0.5
379000 0.0 -0.5
380000 0.0 -0.5
381000 0.0 -0.5
382000 0.0 -0.5
383000 0.0 -0.5
384000 0.0 -0.5
385000 0.0 -0.5
386000 0.0 -0.5
387000 0.0 -0.5
388000 0.0 -0.5
389000 0.0 -0.5
390000 0.0 -0.5
391000 0.0 -0.5
392000 0.0 -0.5
393000 0.0 -0.5
394000 0.0 -0.5
395000 0.0 -0.5
396000 0.0 -0.5
397000 0.0 -0.5
398000 0.0 -0.5
399000 0.0 -0.5
400000 0.0 -0.5
401000 0.0 -0.5
402000 0.0 -0.5
403000 0.0 -0.5
404000 0.0 -0.5
405000 0.0 -0.5
406000 0.0 -0.5
407000 0.0 -0.5
408000 0.0 -0.5
409000 0.0 -0.5
410000 0.0 -0.5
411000 0.0 -0.5
412000 0.0 -0.5
413000 0.0 -0.5
414000 0.0 -0.5
415000 0.0 -0.5
416000 0.0 -0.5
417000 0.0 -0.5
418000 0.0 -0.5
419000 0.0 -0.5
420000 0.0 -0.5
421000 0.0 -0.5
422000 0.0 -0.5
423000 0.0 -0.5
424000 0.0 -0.5
425000 0.0 -0.5
426000 0.0 -0.5
427000 0.0 -0.5
428000 0.0 -0.5
429000 0.0 -0.5
430000 0.0 -0.5
431000 0.0 -0.5
432000 0.0 -0.5
433000 0.0 -0.5
434000 0.0 -0.5
435000 0.0 -0.5
436000 0.0 -0.5
437000 0.0 -0.5
438000 0.0 -0.5
439000 0.0 -0.5
440000 0.0 -0.5
441000 0.0 -0.5
442000 0.0 -0.5
443000 0.0 -0.5
444000 0.0 -0.5
445000 0.0 -0.5
446000 0.0 -0.5
447000 0.0 -0.5
448000 0.0 -0.5
449000 0.0 -0.5
450000 0.0 -0.5
451000 0.0 -0.5
452000 0.0 -0.5
453000 0.0 -0.5
454000 0.0 -0.5
455000 0.0 -0.5
456000 0.0 -0.5
457000 0.0 -0.5
458000 0.0 -0.5
459000 0.0 -0.5
460000 0.0 -0.5
461000 0.0 -0.5
462000 0.0 -0.5
463000 0.0 -0.5
464000 0.0 -0.5
465000 0.0 -0.5
466000 0.0 -0.5
467000 0.0 -0.5
468000 0.0 -0.5
469000 0.0 -0.5
470000 0.0 -0.5
471000 0.0 -0.5
472000 0.0 -0.5
473000 0.0 -0.5
474000 0.0 -0.5
475000 0.0 -0.5
476000 0.0 -0.5
477000 0.0 -0.5
478000 0.0 -0.5
479000 0.0 -0.5
480000 0.0 -0.5
481000 0.0 -0.5
482000 0.0 -0.5
483000 0.0 -0.5
484000 0.0 -0.5
485000 0.0 -0.5
486000 0.0 -0.5
487000 0.0 -0.5
488000 0.0 -0.5
489000 0.0 -0.5
490000 0.0 -0.5
491000 0.0 -0.5
492000 0.0 -0.5
493000 0.0 -0.5
494000 0.0 -0.5
495000 0.0 -0.5
496000 0.0 -0.5
497000 0.0 -0.5
498000 0.0 -0.5
499000 0.0 -0.5
500000 0.0 -0.5
501000 0.0 -0.5
502000 0.0 -0.5
503000 0.0 -0.5
504000 0.0 -0.5
505000 0.0 -0.5
506000 0.0 -0.5
507000 0.0 -0.5
508000 0.0 -0.5
509000 0.0 -0.5
510000 0.0 -0.5
511000 0.0 -0.5
512000 0.0 -0.5
513000 0.0 -0.5
514000 0.0 -0.5
515000 0.0 -0.5
516000 0.0 -0.5
517000 0.0 -0.5
518000 0.0 -0.5
519000 0.0 -0.5
520000 0.0 -0.5
521000 0.0 -0.5
522000 0.0 -0.5
523000 0.0 -0.5
524000 0.0 -0.5
525000 0.0 -0.5
526000 0.0 -0.5
527000 0.0 -0.5
528000 0.0 -0.5
529000 0.0 -0.5
530000 0.0 -0.5
531000 0.0 -0.5
532000 0.0 -0.5
533000 0.0 -0.5
534000 0.0 -0.5
535000 0.0 -0.5
536000 0.0 -0.5
537000 0.0 -0.5
538000 0.0 -0.5
539000 0.0 -0.5
540000 0.0 -0.5
541000 0.0 -0.5
542000 0.0 -0.5
543000 0.0 -0.5
544000 0.0 -0.5
545000 0.0 -0.5
546000 0.0 -0.5
547000 0.0 -0.5
548000 0.0 -0.5
549000 0.0 -0.5
550000 0.0 -0.5
551000 0.0 -0.5
552000 0.0 -0.5
553000 0.0 -0.5
554000 0.0 -0.5
555000 0.0 -0.5
556000 0.0 -0.5
557000 0.0 -0.5
558000 0.0 -0.5
559000 0.0 -0.5
560000 0.0 -0.5
561000 0.0 -0.5
562000 0.0 -0.5
563000 0.0 -0.5
564000 0.0 -0.5
565000 0.0 -0.5
566000 0.0 -0.5
567000 0.0 -0.5
568000 0.0 -0.5
569000 0.0 -0.5
570000 0.0 -0.5
571000 0.0 -0.5
572000 0.0 -0.5
573000 0.0 -0.5
574000 0.0 -0.5
575000 0.0 -0.5
576000 0.0 -0.5
577000 0.0 -0.5
578000 0.0 -0.5
579000 0.0 -0.5
580000 0.0 -0.5
581000 0.0 -0.5
582000 0.0 -0.5
583000 0.0 -0.5
584000 0.0 -0.5
585000 0.0 -0.5
586000 0.0 -0.5
587000 0.0 -0.5
588000 0.0 -0.5
589000 0.0 -0.5
590000 0.0 -0.5
591000 0.0 -0.5
592000 0.0 -0.5
593000 0.0 -0.5
594000 0.0 -0.5
595000 0.0 -0.5
596000 0.0 -0.5
597000 0.0 -0.5
598000 0.0 -0.5
599000 0.0 -0.5
600000 0.0 -0.5
601000 0.0 -0.5
602000 0.0 -0.5
603000 0.0 -0.5
604000 0.0 -0.5
605000 0.0 -0.5
606000 0.0 -0.5
607000 0.0 -0.5
608000 0.0 -0.5
609000 0.0 -0.5
610000 0.0 -0.5
611000 0.0 -0.5
612000 0.0 -0.5
613000 0.0 -0.5
614000 0.0 -0.5
615000 0.0 -0.5
616000 0.0 -0.5
617000 0.0 -0.5
618000 0.0 -0.5
619000 0.0 -0.5
620000 0.0 -0.5
621000 0.0 -0.5
622000 0.0 -0.5
623000 0.0 -0.5
624000 0.0 -0.5
625000 0.0 -0.5
626000 0.0 -0.5
627000 0.0 -0.5
628000 0.0 -0.5
629000 0.0 -0.5
630000 0.0 -0.5
631000 0.0 -0.5
632000 0.0 -0.5
633000 0.0 -0.5
634000 0.0 -0.5
635000 0.0 -0.5
636000 0.0 -0.5
637000 0.0 -0.5
638000 0.0 -0.5
639000 0.0 -0.5
640000 0.0 -0.5
641000 0.0 -0.5
642000 0.0 -0.5
643000 0.0 -0.5
644000 0.0 -0.5
645000 0.0 -0.5
646000 0.0 -0.5
647000 0.0 -0.5
648000 0.0 -0.5
649000 0.0 -0.5
650000 0.0 -0.5
651000 0.0 -0.5
652000 0.0 -0.5
653000 0.0 -0.5
654000 0.0 -0.5
655000 0.0 -0.5
656000 0.0 -0.5
657000 0.0 -0.5
658000 0.0 -0.5
659000 0.0 -0.5
660000 0.0 -0.5
661000 0.0 -0.5
662000 0.0 -0.5
663000 0.0 -0.5
664000 0.0 -0.5
665000 0.0 -0.5
666000 0.0 -0.5
667000 0.0 -0.5
668000 0.0 -0.5
669000 0.0 -0.5
670000 0.0 -0.5
671000 0.0 -0.5
672000 0.0 -0.5
673000 0.0 -0.5
674000 0.0 -0.5
675000 0.0 -0.5
676000 0.0 -0.5
677000 0.0 -0.5
678000 0.0 -0.5
679000 0.0 -0.5
680000 0.0 -0.5
681000 0.0 -0.5
682000 0.0 -0.5
683000 0.0 -0.5
684000 0.0 -0.5
685000 0.0 -0.5
686000 0.0 -0.5
687000 0.0 -0.5
688000 0.0 -0.5
689000 0.0 -0.5
690000 0.0 -0.5
691000 0.0 -0.5
692000 0.0 -0.5
693000 0.0 -0.5
694000 0.0 -0.5
695000 0.0 -0.5
696000 0.0 -0.5
697000 0.0 -0.5
698000 0.0 -0.5
699000 0.0 -0.5
700000 0.0 -0.5
701000 0.0 -0.5
702000 0.0 -0.5
703000 0.0 -0.5
704000 0.0 -0.5
705000 0.0 -0.5
706000 0.0 -0.5
707000 0.0 -0.5
708000 0.0 -0.5
709000 0.0 -0.5
710000 0.0 -0.5
711000 0.0 -0.5
712000 0.0 -0.5
713000 0.0 -0.5
714000 0.0 -0.5
715000 0.0 -0.5
716000 0.0 -0.5
717000 0.0 -0.5
718000 0.0 -0.5
719000 0.0 -0.5
720000 0.0 -0.5
721000 0.0 -0.5
722000 0.0 -0.5
723000 0.0 -0.5
724000 0.0 -0.5
725000 0.0 -0.5
726000 0.0 -0.5
727000 0.0 -0.5
728000 0.0 -0.5
729000 0.0 -0.5
730000 0.0 -0.5
731000 0.0 -0.5
732000 0.0 -0.5
733000 0.0 -0.5
734000 0.0 -0.5
735000 0.0 -0.5
736000 0.0 -0.5
737000 0.0 -0.5
738000 0.0 -0.5
739000 0.0 -0.5
740000 0.0 -0.5
741000 0.0 -0.5
742000 0.0 -0.5
743000 0.0 -0.5
744000 0.0 -0.5
745000 0.0 -0.5
746000 0.0 -0.5
747000 0.0 -0.5
748000 0.0 -0.5
749000 0.0 -0.5
750000 0.0 -0.5
751000 0.0 -0.5
752000 0.0 -0.5
753000 0.0 -0.5
754000 0.0 -0.5
755000 0.0 -0.5
756000 0.0 -0.5
757000 0.0 -0.5
758000 0.0 -0.5
759000 0.0 -0.5
760000 0.0 -0.5
761000 0.0 -0.5
762000 0.0 -0.5
763000 0.0 -0.5
764000 0.0 -0.5
765000 0.0 -0.5
766000 0.0 -0.5
767000 0.0 -0.5
768000 0.0 -0.5
769000 0.0 -0.5
770000 0.0 -0.5
771000 0.0 -0.5
772000 0.0 -0.5
773000 0.0 -0.5
774000 0.0 -0.5
775000 0.0 -0.5
776000 0.0 -0.5
777000 0.0 -0.5
778000 0.0 -0.5
779000 0.0 -0.5
780000 0.0 -0.5
781000 0.0 -0.5
782000 0.0 -0.5
783000 0.0 -0.5
784000 0.0 -0.5
785000 0.0 -0.5
786000 0.0 -0.5
787000 0.0 -0.5
788000 0.0 -0.5
789000 0.0 -0.5
790000 0.0 -0.5
791000 0.0 -0.5
792000 0.0 -0.5
793000 0.0 -0.5
794000 0.0 -0.5
795000 0.0 -0.5
796000 0.0 -0.5
797000 0.0 -0.5
798000 0.0 -0.5
799000 0.0 -0.5
800000 0.0 -0.5
801000 0.0 -0.5
802000 0.0 -0.5
803000 0.0 -0.5
804000 0.0 -0.5
805000 0.0 -0.5
806000 0.0 -0.5
807000 0.0 -0.5
808000 0.0 -0.5
809000 0.0 -0.5
810000 0.0 -0.5
811000 0.0 -0.5
812000 0.0 -0.5
813000 0.0 -0.5
814000 0.0 -0.5
815000 0.0 -0.5
816000 0.0 -0.5
817000 0.0 -0.5
818000 0.0 -0.5
819000 0.0 -0.5
820000 0.0 -0.5
821000 0.0 -0.5
822000 0.0 -0.5
823000 0.0 -0.5
824000 0.0 -0.5
825000 0.0 -0.5
826000 0.0 -0.5
827000 0.0 -0.5
828000 0.0 -0.5
829000 0.0 -0.5
830000 0.0 -0.5
831000 0.0 -0.5
832000 0.0 -0.5
833000 0.0 -0.5
834000 0.0 -0.5
835000 0.0 -0.5
836000 0.0 -0.5
837000 0.0 -0.5
838000 0.0 -0.5
839000 0.0 -0.5
840000 0.0 -0.5
841000 0.0 -0.5
842000 0.0 -0.5
843000 0.0 -0.5
844000 0.0 -0.5
845000 0.0 -0.5
846000 0.0 -0.5
847000 0.0 -0.5
848000 0.0 -0.5
849000 0.0 -0.5
850000 0.0 -0.5
851000 0.0 -0.5
852000 0.0 -0.5
853000 0.0 -0.5
854000 0.0 -0.5
855000 0.0 -0.5
856000 0.0 -0.5
857000 0.0 -0.5
858000 0.0 -0.5
859000 0.0 -0.5
860000 0.0 -0.5
861000 0.0 -0.5
862000 0.0 -0.5
863000 0.0 -0.5
864000 0.0 -0.5
865000 0.0 -0.5
866000 0.0 -0.5
867000 0.0 -0.5
868000 0.0 -0.5
869000 0.0 -0.5
870000 0.0 -0.5
871000 0.0 -0.5
872000 0.0 -0.5
873000 0.0 -0.5
874000 0.0 -0.5
875000 0.0 -0.5
876000 0.0 -0.5
877000 0.0 -0.5
878000 0.0 -0.5
879000 0.0 -0.5
880000 0.0 -0.5
881000 0.0 -0.5
882000 0.0 -0.5
883000 0.0 -0.5
884000 0.0 -0.5
885000 0.0 -0.5
886000 0.0 -0.5
887000 0.0 -0.5
888000 0.0 -0.5
889000 0.0 -0.5
890000 0.0 -0.5
891000 0.0 -0.5
892000 0.0 -0.5
893000 0.0 -0.5
894000 0.0 -0.5
895000 0.0 -0.5
896000 0.0 -0.5
897000 0.0 -0.5
898000 0.0 -0.5
899000 0.0 -0.5
900000 0.0 -0.5
901000 0.0 -0.5
902000 0.0 -0.5
903000 0.0 -0.5
904000 0.0 -0.5
905000 0.0 -0.5
906000 0.0 -0.5
907000 0.0 -0.5
908000 0.0 -0.5
909000 0.0 -0.5
910000 0.0 -0.5
911000 0.0 -0.5
912000 0.0 -0.5
913000 0.0 -0.5
914000 0.0 -0.5
915000 0.0 -0.5
916000 0.0 -0.5
917000 0.0 -0.5
918000 0.0 -0.5
919000 0.0 -0.5
920000 0.0 -0.5
921000 0.0 -0.5
922000 0.0 -0.5
923000 0.0 -0.5
924000 0.0 -0.5
925000 0.0 -0.5
926000 0.0 -0.5
927000 0.0 -0.5
928000 0.0 -0.5
929000 0.0 -0.5
930000 0.0 -0.5
931000 0.0 -0.5
932000 0.0 -0.5
933000 0.0 -0.5
934000 0.0 -0.5
935000 0.0 -0.5
936000 0.0 -0.5
937000 0.0 -0.5
938000 0.0 -0.5
939000 0.0 -0.5
940000 0.0 -0.5
941000 0.0 -0.5
942000 0.0 -0.5
943000 0.0 -0.5
944000 0.0 -0.5
945000 0.0 -0.5
946000 0.0 -0.5
947000 0.0 -0.5
948000 0.0 -0.5
949000 0.0 -0.5
950000 0.0 -0.5
951000 0.0 -0.5
952000 0.0 -0.5
953000 0.0 -0.5
954000 0.0 -0.5
955000 0.0 -0.5
956000 0.0 -0.5
957000 0.0 -0.5
958000 0.0 -0.5
959000 0.0 -0.5
960000 0.0 -0.5
961000 0.0 -0.5
962000 0.0 -0.5
963000 0.0 -0.5
964000 0.0 -0.5
965000 0.0 -0.5
966000 0.0 -0.5
967000 0.0 -0.5
968000 0.0 -0.5
969000 0.0 -0.5
970000 0.0 -0.5
971000 0.0 -0.5
972000 0.0 -0.5
973000 0.0 -0.5
974000 0.0 -0.5
975000 0.0 -0.5
976000 0.0 -0.5
977000 0.0 -0.5
978000 0.0 -0.5
979000 0.0 -0.5
980000 0.0 -0.5
981000 0.0 -0.5
982000 0.0 -0.5
983000 0.0 -0.5
984000 0.0 -0.5
985000 0.0 -0.5
986000 0.0 -0.5
987000 0.0 -0.5
988000 0.0 -0.5
989000 0.0 -0.5
990000 0.0 -0.5
991000 0.0 -0.5
992000 0.0 -0.5
993000 0.0 -0.5
994000 0.0 -0.5
995000 0.0 -0.5
996000 0.0 -0.5
997000 0.0 -0.5
998000 0.0 -0.5
999000 0.0 -0.5
1000000 0.0 -0.5
